"1","----------------------------------------------------------------------------"
"1"," "
"1","
"
"1","group"
"1",""
"1",": "
"1",""
"1","17:50:49.760000"
"1",""
"1","
"
